g2 : 0.819412831085771
g3 : 0.7193047495316871
g4 : 0.8195209073701543
