g2 : 0.35043967796938724
g3 : 0.6525038951227015
g4 : 0.8264712049329466
