g2 : 1.1592182120391257
g3 : 0.9711623315916045
g4 : 1.159162626603262
