g2 : 0.6495032259250239
g3 : 1.5741564948802147
g4 : 1.67132254202352
