g2 : 1.0566914964827323
g3 : 0.8525037628681029
g4 : 1.0566682240770815
