g2 : 0.5366038974830895
g3 : 1.0855143967122705
g4 : 1.1911440889780043
