g2 : 1.0561300949445662
g3 : 0.8049081101280556
g4 : 1.0561385089179538
