g2 : 1.1592182120391257
g3 : 2.0890184636756806e-05
g4 : 1.159162626603262
