g2 : 0.6013089984308707
g3 : 0.6420184297799004
g4 : 0.7446284508780802
