g2 : 0.5203723097273508
g3 : 1.1172481309254578
g4 : 0.9139837082812081
